1 1.0000000000000000000000000000
2 2.0000000000000000000000000000
3 2.1547005383792515290182975610
4 2.4142135623730950488016887242
5 2.7013016167040798643630809941
6 3.0000000000000000000000000000
7 3.0000000000000000000000000000
8 3.3047648709624865052411502235
9 3.6131259297527530557132863469
10 3.8130256313981243982516251560
11 3.9238044001630872522327544134
12 4.0296019301161834974827410413
13 4.2360679774997896964091736687
14 4.3284285548608366814039093675
15 4.5213569647061642409073640084
16 4.6154255948731939855392441620
17 4.7920337483105791701491239533
18 4.8637033051562731469989727989
19 4.8637033051562731469989727989
20 5.1223207369915283214476857922
21 5.2523174750102422915460321681
22 5.4397189590722134554857208822
23 5.5452042225748582685233836876
24 5.6516610917654367675791591314
25 5.7528243308571153542293693448
26 5.8281765369429493922062904714
27 5.9063978473941545445249130172
28 6.0149380973715121761530340729
29 6.1385979039781456873652132661
30 6.1977410708792260252433165923
31 6.2915026221291811810032315073
32 6.4294629709501135719882575974
33 6.4867031235604333384960709573
34 6.6109570900010028498504099889
35 6.6971710917902442087214203194
36 6.7467537934241754287626593644
37 6.7587704831436335362164371093